0 0.8671875 0.415625 0.14765625 0.296875
0 0.89140625 0.71953125 0.194921875 0.271875
0 0.48671875 0.6859375 0.2234375 0.16015625
0 0.58671875 0.42421875 0.221875 0.19375
0 0.1421875 0.2453125 0.115625 0.312890625
0 0.25078125 0.39921875 0.140625 0.258203125
0 0.090625 0.50390625 0.11796875 0.280078125
0 0.1390625 0.6875 0.178125 0.208984375
0 0.365625 0.7734375 0.209765625 0.169140625
0 0.2390625 0.6015625 0.199609375 0.169140625
0 0.71875 0.30078125 0.112890625 0.1578125
0 0.75859375 0.47578125 0.121875 0.21875
0 0.88828125 0.29765625 0.1640625 0.208203125
0 0.57578125 0.7609375 0.190625 0.165625